docs/reference/hcapi-nga-sorg_p.asc
ncols        144
nrows        116
xllcorner    2.666666666667
yllcorner    4.166666666667
cellsize     0.083333333333
NODATA_value  -9999
[rows 40 to 79 of 116, columns 0 to 89 of 144]
-9999 -9999 -9999 -9999 -9999 -9999 -9999 -9999 -9999 -9999 -9999 -9999 -9999 -9999 468 484 379 311 628 652 420 399 -9999 -9999 -9999 -9999 1531 1570 1575 1095 1151 1026 1173 912 1078 793 746 1194 1230 1195 906 1483 1606 1846 1490 1437 607 156 952 1250 887 139 936 730 962 872 342 367 806 870 1007 1021 978 905 1941 2057 2228 2700 1647 3932 3935 3942 3942 972 754 -9999 -9999 -9999 -9999 -9999 -9999 754 760 839 751 818 801 789 841 847
-9999 -9999 -9999 -9999 -9999 -9999 -9999 -9999 -9999 -9999 -9999 314 164 125 128 321 149 472 548 581 443 262 -9999 -9999 -9999 -9999 632 1591 1208 737 760 796 996 723 1006 1170 358 1198 1188 1135 1048 1480 1870 1270 1523 1468 146 242 1273 1057 148 254 468 801 990 813 782 885 850 715 614 1129 1140 963 1686 2422 2007 2010 3494 3934 3949 3948 3948 1240 -9999 -9999 73 -9999 -9999 -9999 783 874 800 814 890 786 576 852 674 843
-9999 -9999 -9999 -9999 -9999 -9999 -9999 -9999 -9999 -9999 -9999 309 370 0 8 -9999 -9999 -9999 17 0 34 122 -9999 -9999 -9999 -9999 -9999 1584 1570 1018 771 1116 1205 1172 1107 1100 1238 1271 1244 1199 1205 1513 1512 1510 1457 1363 953 1312 1089 526 154 925 1013 737 1092 1097 468 1129 744 51 77 468 1146 1062 1788 2405 1884 2149 3839 3936 3953 3953 3934 3630 1100 89 73 -9999 -9999 -9999 805 802 803 754 906 399 336 849 809 727
-9999 -9999 -9999 -9999 -9999 -9999 -9999 -9999 -9999 -9999 -9999 -9999 116 -9999 -9999 0 -9999 -9999 -9999 -9999 -9999 48 48 346 1513 1487 1489 1486 1164 829 559 1007 1009 976 663 544 759 1139 1249 1231 1358 1511 518 1278 722 780 243 1243 1076 878 1111 1153 389 451 1081 468 1113 986 468 563 109 1132 468 469 1145 759 2594 2559 3290 3935 3955 3936 3920 1495 315 98 73 72 -9999 781 775 777 784 846 766 470 671 955 757 1046
-9999 -9999 -9999 -9999 -9999 -9999 -9999 -9999 -9999 -9999 -9999 -9999 -9999 -9999 -9999 -9999 -9999 -9999 -9999 -9999 -9999 45 53 734 1501 1440 1554 1071 932 922 924 1000 998 928 533 272 533 797 999 548 1160 1137 154 1416 252 1156 816 163 968 1275 1126 1154 1125 422 884 846 1119 1030 869 1305 468 966 1135 1079 1024 1054 2430 2788 2687 3651 3928 3939 1561 900 105 105 75 72 216 768 785 873 1249 1150 1010 774 1015 -9999 1099 1082
-9999 -9999 -9999 -9999 -9999 -9999 -9999 -9999 -9999 -9999 -9999 85 -9999 -9999 -9999 -9999 -9999 -9999 -9999 0 -9999 50 158 174 208 1175 1374 999 927 881 826 931 976 914 676 251 462 909 983 492 153 156 145 146 228 1427 1356 244 1337 1330 447 714 1094 332 468 826 1151 1993 2045 1669 1550 166 1136 1571 1636 2473 2639 2675 2404 3548 3926 3923 1567 1214 110 125 81 72 -9999 249 666 1307 1928 1264 1039 1069 1110 1058 1078 1008
-9999 -9999 -9999 -9999 -9999 -9999 -9999 -9999 -9999 -9999 -9999 207 -9999 -9999 -9999 -9999 1 -9999 -9999 0 14 58 508 332 48 940 921 848 488 0 606 893 1002 942 817 608 236 800 977 924 332 156 153 146 1136 1384 1348 1325 1351 1307 278 1230 1284 1062 917 1243 2054 2004 2116 1668 1666 1667 1668 2052 2403 2812 2716 2772 2502 2806 3261 3607 1504 972 308 131 115 116 -9999 73 140 220 1880 -9999 1412 1062 1050 946 869 -9999
-9999 -9999 -9999 -9999 -9999 -9999 -9999 -9999 -9999 -9999 219 25 0 4 -9999 -9999 0 -9999 -9999 54 208 288 626 595 18 22 0 -9999 0 -9999 119 820 943 808 810 760 348 187 769 972 1374 156 155 155 1366 1353 1299 1379 1369 1333 925 1310 1340 937 611 1324 2033 2054 2142 2138 1332 2047 1822 2293 2806 2499 2760 2499 2614 2570 2812 2801 1232 1268 226 90 1121 157 43 71 949 1203 1632 1478 1473 1393 1041 -9999 -9999 -9999
-9999 -9999 -9999 -9999 -9999 -9999 -9999 -9999 224 180 34 9 9 30 -9999 -9999 4 12 5 59 394 0 1 461 226 1 -9999 4 0 0 1 319 882 933 766 806 678 563 740 666 912 137 99 146 1360 1381 1407 1385 1383 1296 1329 1355 1321 1258 1309 762 1914 1756 2136 2139 767 1069 1465 1670 2728 2817 2495 2643 2722 2258 2795 2453 1208 1429 260 1567 2070 1862 1681 1167 922 1573 1595 1552 1520 1525 1261 918 -9999 817
-9999 -9999 -9999 -9999 -9999 -9999 -9999 -9999 200 174 170 150 41 141 137 130 86 106 127 231 102 67 340 552 792 529 230 1 36 479 368 550 1055 1208 1009 776 714 596 673 696 731 509 1598 1304 1087 2099 1602 1343 1366 1223 1325 1362 1284 1196 1298 2040 1752 1665 1667 2090 1382 1140 1752 2136 2152 2804 2081 2420 2491 2743 2600 2963 1819 1719 1889 2201 2128 2147 1952 825 758 1608 1599 1537 1528 1547 1422 1219 1014 1108
-9999 -9999 -9999 -9999 -9999 -9999 -9999 190 158 205 182 162 90 146 151 152 138 31 20 1 4 6 126 289 521 845 867 0 245 187 435 1099 1211 1 106 1518 755 606 646 772 964 974 2050 2135 1298 2065 620 972 1193 1196 1072 1343 1486 1549 1376 819 2015 1860 2044 1948 1879 1079 1837 1666 2138 2999 2704 3299 4108 2935 2126 3154 1599 2146 1469 2179 2213 2183 2096 2075 537 1384 1551 1559 1549 1484 1459 1218 1187 723
-9999 -9999 -9999 -9999 -9999 -9999 283 247 206 196 187 180 197 179 148 154 139 134 -9999 -9999 9 191 532 18 622 797 631 368 797 613 808 1333 280 3 91 384 1144 762 557 987 1148 950 1553 2019 2132 2094 1959 1648 1335 1110 1166 1093 2075 2034 1474 706 2026 2056 1930 1797 1665 1043 974 2139 3901 2540 3650 3357 2150 1758 1664 1296 2192 2126 194 1630 2155 1955 2265 2067 613 945 1365 1501 1540 1291 1152 1166 1020 548
-9999 -9999 -9999 -9999 -9999 -9999 216 254 232 212 231 217 199 187 151 187 118 146 95 12 44 127 423 122 102 346 716 856 737 619 1116 908 370 12 542 592 717 1100 1347 1260 1340 1287 1270 1693 1589 1538 1867 1862 1980 1802 1753 1417 2178 1318 781 2105 1998 1334 1512 1362 1896 1401 958 2845 2329 2560 2103 2345 2986 3286 1669 990 1779 2087 18 60 2042 2089 2151 2060 1553 1689 1474 1702 1763 1560 1258 1212 1025 1046
-9999 -9999 -9999 -9999 -9999 -9999 239 239 264 233 221 212 212 158 184 182 178 147 37 50 86 37 125 502 5 537 351 375 908 817 1052 27 150 41 568 688 188 1542 1626 1258 1331 1273 1567 1840 805 846 1737 2026 1947 1839 1444 1081 828 452 624 1682 1610 826 1221 1684 1188 878 562 1762 1290 2808 3360 3136 3136 3149 3259 2459 577 144 20 18 54 1252 2140 2043 1714 1745 1718 1771 1797 1597 1252 1260 1284 902
-9999 -9999 -9999 -9999 -9999 -9999 243 238 168 203 171 182 180 155 160 165 190 147 140 -9999 121 136 129 135 454 712 614 766 1305 360 750 403 801 6 80 556 1338 1620 1353 1219 1363 1338 2072 1907 856 1341 2002 1325 772 544 605 697 557 461 630 1439 140 171 160 149 968 892 940 392 538 2910 2058 2248 3135 3153 3135 2740 2144 26 15 19 52 22 77 1863 1637 226 1544 1760 1788 1988 1651 1261 698 513
-9999 -9999 -9999 -9999 -9999 199 241 204 178 211 198 203 163 165 196 148 174 187 148 110 146 142 0 68 187 455 784 1003 667 766 748 681 875 97 80 124 656 1493 1241 1287 1168 1397 1833 1734 1538 1439 1438 1115 968 392 52 51 722 211 36 111 121 123 130 584 904 735 895 926 927 2342 3134 3134 3178 3176 2360 1028 2599 1604 959 1385 1618 968 1586 1921 1346 1242 1758 1204 1483 2026 2354 1258 880 757
-9999 -9999 -9999 -9999 -9999 233 255 244 206 199 172 171 184 145 252 183 177 173 166 132 142 156 136 144 183 233 418 389 424 926 393 229 278 814 771 212 387 976 1154 1090 942 1914 1817 1884 1387 1202 1280 1352 1342 902 79 82 82 68 64 129 34 21 24 679 974 929 871 854 652 1083 3268 3506 3216 3133 2573 2183 304 1338 1625 1856 1991 2124 2106 2065 1842 1393 906 826 1432 2211 2403 1049 803 719
-9999 -9999 222 221 172 215 213 221 206 178 193 174 270 228 217 211 200 184 194 156 140 57 331 361 344 298 439 412 352 401 376 1109 452 419 1117 345 76 1106 959 955 1496 1883 2199 1984 1703 1687 1528 1356 896 596 79 80 88 92 121 102 50 35 26 792 982 944 940 846 954 1105 3651 1800 1496 2372 2274 2849 1103 1095 987 318 1171 1305 1672 1586 1722 1594 1676 1727 1775 2220 2262 870 781 719
-9999 140 130 129 145 186 179 172 153 203 219 616 351 284 257 134 58 -9999 132 131 380 7 37 71 375 370 379 408 368 386 348 383 429 1049 594 1289 1301 1434 1912 2001 2030 1604 2260 2386 1833 914 1472 1102 778 248 76 84 92 124 148 19 78 117 125 1073 1060 900 851 1025 971 888 1331 1619 2085 1720 1574 823 796 34 976 786 1632 1130 1290 1541 1679 1620 1708 1732 1722 1830 2222 1055 701 709
-9999 170 154 121 176 200 146 165 180 160 194 346 387 322 364 9 223 152 243 364 418 325 188 305 389 338 311 326 344 300 318 16 383 390 412 242 144 864 1834 2020 2038 1457 2068 2340 1842 1424 1179 1222 848 537 80 73 92 101 146 176 167 168 136 1240 1018 1026 775 940 882 966 953 1599 1233 1224 1215 797 1035 867 194 1487 49 1507 1290 1554 1644 1700 1758 1726 1615 1634 1184 1666 696 728
-9999 165 158 174 205 148 126 105 166 165 204 244 447 453 280 0 227 255 450 415 401 405 402 382 157 281 370 350 202 392 447 404 318 283 331 409 474 1191 1006 1102 541 539 1332 1641 1067 199 80 491 315 1173 82 77 65 51 76 101 111 61 130 741 966 897 857 820 918 1006 961 722 436 553 740 1184 1388 1678 1316 1146 16 1374 1412 1465 1600 1715 1736 1754 1536 1823 1719 1620 743 744
-9999 189 158 18 132 180 101 155 138 198 194 243 421 548 76 0 193 244 551 523 476 467 375 448 396 424 433 347 197 209 314 52 45 373 328 14 359 394 406 416 421 459 122 270 739 757 442 244 91 728 61 57 60 70 77 75 64 79 135 746 748 772 887 866 888 957 944 831 633 709 760 724 1002 1741 1365 124 949 1485 1441 1482 1626 1680 1634 1591 1162 945 908 853 884 736
-9999 206 12 60 195 181 179 68 73 199 178 230 210 331 293 34 244 272 611 574 626 540 400 440 526 777 995 376 230 252 161 216 66 113 327 198 386 366 368 358 306 399 158 152 215 156 579 907 893 589 55 44 54 71 76 66 63 99 673 773 510 561 639 768 865 967 934 1017 944 991 1013 1443 1777 1754 1747 1681 1607 1592 1572 1588 1631 1328 856 1513 794 733 953 890 818 466
-9999 100 98 75 189 177 154 142 180 187 227 226 179 278 429 4 278 275 296 604 616 648 634 634 936 504 368 352 322 40 278 74 106 73 203 371 368 134 29 232 280 332 136 163 187 880 588 616 443 212 58 54 72 58 52 56 78 459 321 621 694 634 508 678 608 737 1083 1614 1763 1606 1465 1645 1727 1220 1548 1711 1450 1445 624 1550 1424 1566 1573 1593 1047 732 953 946 821 660
-9999 56 107 180 168 160 201 179 199 195 194 202 181 299 311 274 199 280 269 622 588 528 172 492 827 376 305 369 263 198 173 -9999 0 440 122 42 111 113 138 0 0 218 86 81 170 249 1121 511 187 53 49 53 63 51 66 68 554 628 512 570 507 505 651 676 507 668 885 1172 1356 1362 1334 1649 1756 1374 562 612 882 1290 487 1142 891 1488 1611 1615 1130 899 910 900 754 558
65 22 142 184 138 180 196 211 205 193 59 103 192 286 490 357 39 84 258 268 602 598 637 629 657 419 694 126 58 114 291 98 1 222 156 198 194 233 174 -9999 0 102 139 122 81 161 836 672 1 0 217 269 356 362 390 430 544 582 553 510 724 640 635 692 612 752 881 949 901 997 1625 1649 1582 1682 799 1500 1000 790 849 906 752 757 1106 1413 407 908 1248 802 470 653
74 37 174 173 172 195 146 148 105 124 116 79 104 303 271 127 158 58 276 286 424 623 501 602 565 4 511 79 129 70 517 323 34 171 283 309 259 257 235 16 139 154 174 169 108 112 143 224 489 139 293 246 305 342 299 363 585 561 595 600 620 654 677 680 653 730 742 823 861 898 1489 1592 1430 1479 1565 1468 882 794 814 820 860 917 58 23 1526 1452 1475 625 639 676
-9999 278 101 246 282 242 75 91 168 120 137 62 110 404 456 510 285 285 316 451 506 384 3 97 437 691 291 1 364 134 319 683 0 320 224 284 162 193 174 111 211 182 164 142 171 199 142 127 919 325 259 248 220 323 318 451 588 505 654 611 618 642 625 599 592 604 787 849 919 873 934 839 868 879 820 795 784 803 135 216 913 1591 1565 1501 1548 1704 1418 517 552 584
-9999 292 141 139 232 133 239 278 326 70 137 153 77 564 546 556 390 249 208 296 295 176 1 329 0 0 1 2 0 868 285 17 25 280 125 222 100 165 220 159 252 139 162 163 136 207 163 117 235 343 217 224 346 46 83 540 502 497 573 605 508 505 587 616 629 586 779 823 837 810 562 854 798 754 653 820 562 930 882 11 778 1409 1189 1643 1783 1688 969 485 434 571
-9999 259 250 328 246 349 374 375 332 172 62 150 201 557 542 514 360 238 430 544 552 580 770 -9999 0 0 0 0 1 901 445 317 234 -9999 9 204 242 133 188 311 332 140 161 142 166 145 153 89 75 346 213 302 30 41 29 472 625 654 827 774 672 42 48 565 692 776 699 812 790 606 956 631 464 531 715 485 35 718 269 25 748 1437 1706 1718 1292 713 497 500 376 417
0 0 119 343 353 356 345 354 391 165 237 216 161 554 625 586 452 275 292 355 563 1226 0 0 0 0 0 0 0 0 0 -9999 -9999 -9999 -9999 -9999 234 147 291 345 329 141 178 143 89 157 135 105 67 319 333 323 35 795 320 373 399 383 383 439 1138 1156 952 846 732 176 45 692 657 898 632 1025 630 634 863 403 416 739 13 653 1189 1082 752 530 412 547 412 470 452 482
0 0 166 331 330 346 334 319 352 181 192 162 202 617 531 400 395 316 0 0 681 -9999 0 0 0 0 0 0 0 0 0 0 -9999 0 -9999 404 208 176 317 367 213 172 175 176 97 149 250 194 112 292 327 329 355 386 341 319 388 418 428 193 666 954 1212 948 1263 1126 7 681 87 848 1262 1118 753 632 715 620 516 622 683 579 514 672 1144 565 534 272 482 507 488 284
-9999 0 0 0 290 383 390 280 169 144 219 151 162 787 685 589 464 0 0 0 0 -9999 0 0 0 0 0 0 0 0 0 0 0 0 0 0 -9999 368 384 327 192 127 171 183 237 329 482 466 206 288 386 390 391 363 359 467 344 415 378 362 591 516 665 573 1042 322 840 260 618 654 1106 937 724 724 770 803 821 584 622 1015 985 1910 1930 1710 893 507 484 502 650 634
-9999 0 0 361 397 399 380 145 82 438 480 371 509 786 717 631 0 0 0 0 -9999 -9999 0 0 0 0 0 0 0 0 0 0 0 0 0 0 0 0 0 405 269 141 180 216 401 451 351 280 350 342 337 405 449 406 391 474 411 398 431 397 364 692 1129 953 879 919 912 584 1214 897 168 1184 641 1112 755 1076 680 790 978 1042 1109 1874 1824 1755 1810 1337 518 706 962 960
-9999 0 0 0 362 422 412 373 502 481 477 432 420 613 619 606 0 0 0 0 -9999 -9999 -9999 0 0 0 0 0 0 0 0 0 0 0 0 0 0 0 0 0 300 290 388 99 229 321 314 341 354 211 221 506 474 464 434 451 413 400 407 317 306 614 1196 1261 1202 748 724 465 546 255 856 667 648 684 833 1262 1045 992 781 985 817 1318 1716 1902 1899 1848 945 943 960 917
-9999 0 0 0 315 398 390 407 527 495 466 411 392 545 297 505 384 0 0 0 0 0 0 0 0 0 0 0 0 0 0 0 0 0 0 0 0 0 0 0 0 0 158 313 326 288 320 329 354 132 282 494 472 350 470 470 416 384 377 388 328 669 882 1362 1226 858 811 760 723 631 519 916 927 972 1017 774 1370 1419 903 802 1002 974 1481 1859 1776 1201 950 1501 1527 1281
-9999 -9999 0 0 0 399 357 347 0 386 320 382 398 405 22 168 530 0 0 0 0 0 0 0 0 0 0 0 0 0 0 0 0 0 0 0 0 0 0 0 0 0 510 0 438 340 316 268 362 229 279 424 436 289 364 383 390 334 372 416 346 1143 815 1206 1160 843 731 669 555 729 513 736 723 914 615 700 692 1195 1488 1461 944 693 974 1612 1407 749 952 1406 1142 1245
-9999 0 0 0 0 0 279 277 0 0 0 0 370 302 89 91 562 0 0 0 0 0 0 0 0 0 0 0 0 0 0 0 0 0 0 0 0 0 0 0 0 0 0 0 0 462 241 279 393 312 394 451 377 431 314 467 439 392 389 280 338 346 1094 908 1251 741 696 624 758 778 964 949 652 890 600 608 706 712 1406 1348 872 905 749 773 939 936 929 0 345 187
-9999 0 0 0 0 0 0 0 0 0 0 0 336 771 266 782 1481 0 0 0 0 0 0 0 0 0 0 0 0 0 0 0 0 0 0 0 0 0 0 0 0 0 0 0 0 0 228 312 366 308 489 461 429 478 431 354 397 342 396 461 404 394 809 671 1193 1029 670 601 772 820 1150 1037 812 593 665 878 479 1236 1312 1231 668 885 933 928 928 925 885 169 76 209
-9999 0 0 0 0 0 0 0 0 0 0 0 0 1275 1162 1476 1531 1010 0 0 0 0 0 0 0 0 0 0 0 0 0 0 0 0 0 0 0 0 0 0 0 0 0 0 0 0 0 0 0 338 341 394 481 479 397 307 436 608 548 636 578 559 903 680 1249 1252 1164 749 788 865 1147 1130 699 741 1468 1499 1373 1451 1419 1228 791 794 925 905 910 736 821 0 184 6
