docs/reference/hcapi-nga-sorg_p.asc
ncols        144
nrows        116
xllcorner    2.666666666667
yllcorner    4.166666666667
cellsize     0.083333333333
NODATA_value  -9999
[rows 0 to 39 of 116, columns 0 to 89 of 144]
-9999 -9999 -9999 -9999 -9999 -9999 -9999 -9999 -9999 -9999 -9999 -9999 -9999 -9999 -9999 -9999 -9999 -9999 -9999 -9999 -9999 -9999 -9999 -9999 -9999 -9999 -9999 -9999 -9999 -9999 -9999 -9999 521 -9999 -9999 -9999 -9999 -9999 -9999 -9999 -9999 -9999 -9999 -9999 -9999 -9999 -9999 -9999 -9999 -9999 -9999 -9999 -9999 -9999 -9999 -9999 -9999 -9999 -9999 -9999 -9999 -9999 -9999 -9999 -9999 -9999 -9999 -9999 -9999 -9999 -9999 -9999 -9999 -9999 -9999 -9999 -9999 -9999 -9999 -9999 -9999 -9999 -9999 -9999 -9999 -9999 -9999 -9999 -9999 -9999
-9999 -9999 -9999 -9999 -9999 -9999 -9999 -9999 -9999 -9999 -9999 -9999 -9999 -9999 -9999 -9999 -9999 -9999 -9999 -9999 -9999 -9999 286 283 283 305 305 226 149 255 364 700 667 -9999 580 -9999 -9999 -9999 629 590 -9999 -9999 -9999 -9999 -9999 -9999 -9999 -9999 -9999 -9999 -9999 -9999 -9999 -9999 -9999 -9999 -9999 -9999 -9999 -9999 -9999 -9999 -9999 -9999 -9999 -9999 -9999 -9999 -9999 -9999 -9999 -9999 -9999 -9999 -9999 -9999 -9999 -9999 -9999 -9999 -9999 -9999 -9999 -9999 -9999 -9999 -9999 -9999 -9999 -9999
-9999 -9999 -9999 -9999 -9999 -9999 -9999 -9999 -9999 -9999 -9999 -9999 -9999 -9999 -9999 -9999 -9999 -9999 -9999 -9999 315 317 305 292 289 306 259 167 136 297 450 942 919 820 731 592 496 569 538 618 833 534 544 566 -9999 -9999 -9999 -9999 -9999 -9999 -9999 -9999 -9999 -9999 -9999 -9999 -9999 -9999 -9999 -9999 -9999 -9999 -9999 -9999 -9999 -9999 -9999 -9999 -9999 -9999 -9999 -9999 -9999 -9999 -9999 -9999 -9999 -9999 -9999 -9999 -9999 -9999 -9999 -9999 -9999 -9999 -9999 -9999 -9999 -9999
-9999 -9999 -9999 -9999 -9999 -9999 -9999 -9999 -9999 -9999 -9999 -9999 -9999 -9999 -9999 -9999 -9999 -9999 -9999 315 315 308 305 308 313 314 237 156 156 304 362 878 -9999 -9999 -9999 -9999 8 854 18 0 481 505 546 502 478 507 -9999 -9999 -9999 -9999 -9999 -9999 -9999 -9999 -9999 -9999 -9999 -9999 -9999 -9999 -9999 -9999 -9999 -9999 -9999 -9999 -9999 -9999 -9999 -9999 -9999 -9999 -9999 -9999 -9999 -9999 -9999 -9999 -9999 -9999 -9999 -9999 -9999 -9999 -9999 -9999 -9999 -9999 -9999 -9999
-9999 -9999 -9999 -9999 -9999 -9999 -9999 -9999 -9999 -9999 -9999 -9999 -9999 -9999 -9999 -9999 -9999 -9999 290 310 311 306 304 310 317 315 219 179 228 299 643 932 -9999 -9999 -9999 929 563 582 390 739 617 622 629 638 540 639 576 -9999 -9999 -9999 -9999 -9999 -9999 -9999 -9999 -9999 -9999 -9999 -9999 -9999 -9999 -9999 -9999 -9999 -9999 -9999 -9999 -9999 -9999 -9999 -9999 -9999 -9999 -9999 -9999 -9999 -9999 -9999 -9999 -9999 -9999 -9999 -9999 -9999 -9999 -9999 -9999 -9999 -9999 -9999
-9999 -9999 -9999 -9999 -9999 -9999 -9999 -9999 -9999 -9999 -9999 -9999 -9999 -9999 -9999 -9999 -9999 -9999 261 319 308 314 313 319 317 319 290 266 201 273 823 918 1005 -9999 1011 1084 488 -9999 -9999 843 708 628 617 626 594 611 625 506 -9999 -9999 -9999 -9999 -9999 -9999 -9999 -9999 -9999 -9999 -9999 -9999 -9999 -9999 -9999 -9999 -9999 -9999 -9999 -9999 -9999 -9999 -9999 -9999 -9999 -9999 -9999 -9999 -9999 -9999 -9999 -9999 -9999 -9999 -9999 -9999 -9999 -9999 -9999 -9999 -9999 -9999
-9999 -9999 -9999 -9999 -9999 -9999 -9999 -9999 -9999 -9999 -9999 -9999 -9999 -9999 -9999 -9999 -9999 -9999 301 311 319 314 317 299 386 434 472 337 310 246 934 885 1113 5 948 838 -9999 574 850 832 2813 2464 645 596 616 607 634 631 1871 -9999 -9999 -9999 -9999 -9999 -9999 -9999 -9999 -9999 -9999 -9999 -9999 1842 2002 2029 2743 -9999 -9999 -9999 -9999 -9999 -9999 -9999 -9999 -9999 -9999 -9999 -9999 -9999 -9999 -9999 -9999 -9999 -9999 -9999 -9999 -9999 -9999 -9999 -9999 -9999
-9999 -9999 -9999 -9999 -9999 -9999 -9999 -9999 -9999 -9999 -9999 -9999 -9999 -9999 -9999 -9999 -9999 -9999 538 576 543 323 308 300 599 826 829 624 319 236 453 501 680 870 739 864 780 584 864 868 2794 2659 2520 2499 2683 635 2763 2755 2726 -9999 -9999 -9999 -9999 -9999 -9999 -9999 -9999 -9999 -9999 1779 2031 2020 2138 2182 2545 2480 3106 -9999 -9999 -9999 -9999 -9999 -9999 -9999 -9999 -9999 -9999 -9999 -9999 -9999 -9999 -9999 -9999 -9999 -9999 -9999 -9999 -9999 -9999 616
-9999 -9999 -9999 -9999 -9999 -9999 -9999 -9999 -9999 -9999 -9999 -9999 -9999 -9999 -9999 -9999 -9999 846 589 596 586 582 351 311 627 739 821 761 523 498 345 497 916 988 598 488 400 444 645 792 3015 2719 2601 2582 2810 2797 2782 2777 2796 2808 -9999 -9999 -9999 -9999 -9999 -9999 -9999 1477 1960 2166 2228 2310 2426 2441 2742 3627 3563 2495 -9999 -9999 -9999 -9999 -9999 -9999 -9999 -9999 -9999 -9999 -9999 -9999 -9999 -9999 -9999 -9999 -9999 -9999 -9999 -9999 818 734
-9999 -9999 -9999 -9999 -9999 -9999 -9999 -9999 -9999 -9999 -9999 -9999 -9999 -9999 -9999 -9999 -9999 578 606 627 640 633 648 1351 995 448 534 773 520 453 172 245 563 501 523 486 480 476 483 483 522 2595 2728 2602 2609 2777 2793 2261 2470 1755 2309 -9999 -9999 -9999 1891 1878 1964 1848 1543 1127 2163 2623 2463 2451 2494 3359 3619 3609 2846 1282 1268 -9999 -9999 -9999 -9999 -9999 -9999 -9999 -9999 -9999 -9999 -9999 -9999 -9999 -9999 -9999 665 804 791 806
-9999 -9999 -9999 -9999 -9999 -9999 -9999 -9999 -9999 -9999 -9999 -9999 -9999 -9999 -9999 -9999 -9999 546 622 625 645 627 1230 1334 1338 927 926 924 556 618 754 453 596 438 579 510 471 481 481 481 481 543 2232 2192 2559 2736 2790 2748 2866 2691 2035 2036 2018 -9999 2026 25 2147 1339 1478 466 1839 2643 2384 2322 2517 2501 3619 1330 3251 2333 2330 1985 -9999 -9999 -9999 -9999 -9999 -9999 -9999 -9999 -9999 -9999 -9999 -9999 -9999 -9999 873 1058 359 476
-9999 -9999 -9999 -9999 -9999 -9999 -9999 -9999 -9999 -9999 -9999 -9999 -9999 -9999 -9999 -9999 685 579 628 611 610 860 1575 927 1650 937 938 910 699 898 945 836 498 600 667 656 513 466 471 468 480 2245 2207 2179 2561 2835 2796 2706 2821 2611 2045 2085 2007 2136 2495 2619 2051 1298 1673 1575 2645 2716 2733 2742 2716 2433 3399 3322 2856 2353 2263 2393 2372 1987 -9999 -9999 -9999 -9999 -9999 -9999 -9999 -9999 -9999 -9999 -9999 962 768 411 438 413
-9999 -9999 -9999 -9999 -9999 -9999 -9999 -9999 -9999 -9999 -9999 -9999 -9999 -9999 -9999 -9999 534 597 604 607 622 1456 924 1658 1657 538 827 877 633 1015 1167 766 579 652 663 659 511 436 478 494 2194 2181 2462 2444 2499 2561 2720 2821 2869 2893 2843 2722 3767 2905 2900 2078 1686 1342 1243 2004 2104 3330 3488 2763 2274 -9999 916 1052 882 789 1178 2421 2402 2371 2379 2321 697 665 685 668 510 511 482 382 1560 1239 494 505 559 588
-9999 -9999 -9999 -9999 -9999 -9999 -9999 -9999 -9999 -9999 -9999 -9999 -9999 -9999 1076 537 583 610 596 883 1429 878 1643 1668 1690 644 473 880 863 685 749 1298 663 663 664 653 2393 2002 2059 1904 2010 2273 2379 2092 2327 2443 2879 2857 2795 2660 2802 2885 3545 2477 2676 1864 1333 1275 979 1888 2521 3624 3076 2299 2120 2079 976 952 1096 1223 1306 1125 2394 2097 1854 598 606 746 870 938 1005 1184 950 963 950 786 720 706 743 708
-9999 -9999 -9999 -9999 -9999 -9999 -9999 -9999 -9999 -9999 -9999 -9999 -9999 571 569 560 561 586 631 1048 45 1378 1667 1956 2434 834 565 779 769 778 893 797 661 662 643 2287 2198 1908 1904 1681 2078 2920 2271 2316 2110 2432 3719 4440 2954 2890 2982 3058 3379 1811 1728 1457 1291 1668 1328 2218 2193 2166 3666 2572 2090 2109 927 952 1022 1197 1280 1042 894 751 828 858 842 940 971 1053 1362 1333 1020 1014 964 929 822 709 981 1055
-9999 -9999 -9999 -9999 -9999 -9999 -9999 -9999 -9999 -9999 -9999 -9999 438 442 371 469 563 505 586 87 1604 1664 2598 2210 1988 1075 535 671 678 895 899 806 658 648 2230 2205 1961 1935 1920 2008 2598 2439 2043 2195 1920 2359 3597 4217 4111 3707 3617 4186 4092 1714 1768 1763 1810 1985 2009 2459 2197 1775 1687 1813 2022 1976 2143 3810 687 4218 4515 4264 1008 896 887 817 786 949 958 997 1353 1327 1524 1412 1027 853 1102 1137 919 937
-9999 -9999 -9999 -9999 -9999 -9999 -9999 -9999 -9999 -9999 -9999 -9999 406 426 377 389 402 753 293 1217 1414 1372 1312 2187 1521 767 522 777 617 741 852 782 649 641 2283 2161 2143 2184 2205 2448 2500 2476 2857 1856 2002 2406 4030 4198 4074 3774 4024 4074 4026 1763 1760 1771 1792 1969 2004 2191 2561 2323 1921 2323 2311 2083 3892 3237 671 4218 4001 4393 1038 903 817 668 687 701 771 964 970 1303 1376 1504 816 887 1132 1087 411 950
-9999 -9999 -9999 -9999 -9999 -9999 -9999 -9999 -9999 -9999 -9999 -9999 454 406 416 787 1124 1341 1330 1381 1371 1650 1882 579 458 454 572 575 573 569 581 626 650 639 2341 2028 2080 2136 2204 3404 3828 3780 3568 1954 2130 2685 4206 4020 4045 4074 4040 4042 3892 1763 1742 1766 1775 1813 1973 2127 2448 2339 2285 2312 2342 3768 2955 2568 3030 3872 3798 3570 4206 3990 671 674 669 684 672 738 788 1451 1356 1325 803 840 1187 1259 674 690
-9999 -9999 -9999 -9999 -9999 -9999 -9999 -9999 -9999 -9999 -9999 -9999 368 403 550 829 1303 1308 1298 1315 1692 1973 2190 486 437 533 567 555 568 565 563 579 586 570 1875 1863 1839 1900 1586 2685 3824 3918 3214 1316 1498 2126 3272 3525 3621 3845 4033 3834 3508 1664 1766 1783 1764 1928 2417 2456 2356 2346 2336 3899 4060 5550 4522 3241 4037 4222 3678 4107 3982 628 496 749 891 863 862 845 955 929 968 1067 924 792 705 690 779 725
-9999 -9999 -9999 -9999 -9999 -9999 -9999 -9999 -9999 -9999 -9999 -9999 520 493 1218 1093 1089 1193 1372 1386 2302 1656 1656 477 396 413 422 1862 2018 1900 1888 1916 1836 1743 1904 1888 1883 1862 1596 2355 3951 3967 1693 1085 1450 1996 2300 1557 1665 2004 2478 2766 2715 2984 1454 1789 1759 1746 2307 2443 2325 2344 3667 3892 3476 5121 5545 5546 5106 3266 5079 5274 5184 5074 4746 4564 883 976 982 986 993 1007 1000 896 941 949 888 834 798 740
-9999 -9999 -9999 -9999 -9999 -9999 -9999 -9999 -9999 -9999 -9999 -9999 834 866 1325 1138 875 1198 1382 1394 1735 2319 2321 484 399 1803 1735 1808 1863 1833 1701 1792 1900 1890 1890 1891 1887 1680 1556 1650 3473 3116 1501 1317 1800 2276 2296 1986 1838 2113 2392 2727 2736 2725 1692 1984 1930 1754 2183 2437 2305 2361 3699 3403 5235 5257 4625 3289 2167 1785 4332 4850 3257 4631 4952 4645 617 689 926 990 1037 905 980 1047 1099 1062 874 865 824 832
-9999 -9999 -9999 -9999 -9999 -9999 -9999 -9999 -9999 -9999 -9999 -9999 808 819 960 1074 970 1339 1380 1402 1471 2838 2508 391 1234 1484 1745 1872 1843 1636 1631 1862 1870 1885 1853 1850 1862 1592 1503 1379 1553 1591 1329 1393 1923 2265 2245 2450 2727 2374 2411 2826 3290 3611 1968 1503 1959 1496 2171 2094 2001 1577 3723 3382 4844 5299 5244 4131 4044 1473 128 2056 2226 3764 4990 4056 3772 660 3872 953 925 1101 1123 1120 1082 999 859 861 871 853
-9999 -9999 -9999 -9999 -9999 -9999 -9999 -9999 -9999 -9999 -9999 -9999 808 815 831 848 1182 1373 1347 1325 1313 2200 2325 1326 1296 1690 1795 1815 1605 1847 1693 1752 1862 1858 1811 1844 1883 1714 1472 1133 1545 1507 1191 1224 1810 2272 2288 2443 2728 2676 3471 3994 2709 4093 2072 1949 1966 1877 1932 1406 1005 970 3981 4370 2813 4946 4212 4150 4106 1487 1018 1476 3414 3889 4133 3897 3799 3902 3901 984 997 1120 1104 1053 1040 990 886 867 834 2041
-9999 -9999 -9999 -9999 -9999 -9999 -9999 -9999 -9999 -9999 -9999 622 796 809 828 822 1144 1366 1306 1366 1212 1187 1786 1309 1316 1352 1844 1655 1706 1791 1800 1695 1875 1849 1833 1886 1888 1873 1300 1234 1550 1489 1077 1197 1708 2286 2297 2500 2653 3226 4060 3811 2893 4073 4120 1876 1969 1951 1906 1860 1412 1064 5506 5559 4018 5013 5546 4654 3932 3164 1961 3764 4128 4270 4965 4207 3805 3806 3724 990 846 999 886 842 830 842 2349 2230 2077 1916
-9999 -9999 -9999 -9999 -9999 -9999 -9999 -9999 -9999 -9999 -9999 -9999 802 795 790 589 908 1179 1231 1362 1185 1163 1550 1338 1345 1616 1768 1854 1669 1407 1077 1440 1894 1865 1857 1867 1846 1868 1355 1432 1567 1562 1492 1347 1487 2093 2292 2614 2608 3689 3485 3632 3544 1686 1537 1722 1976 1966 1878 1251 1853 1859 5452 5560 4334 2249 5029 5545 3954 2851 5370 4059 4052 4519 4034 3775 3720 3469 987 989 843 837 786 871 2313 2380 2458 2046 1548 1830
-9999 -9999 -9999 -9999 -9999 -9999 -9999 -9999 -9999 -9999 -9999 252 510 774 813 805 967 1337 1080 1235 886 944 1735 1222 1658 1947 675 1947 1802 908 -9999 673 707 1850 1849 1826 1852 1873 1455 1450 1574 1538 1542 1485 1815 2113 2316 2644 2693 3596 3604 1433 1446 1479 1491 1575 2306 2202 1889 1856 1851 1856 2365 4741 4314 2696 2906 4555 5204 2891 3540 4376 4830 4437 4202 4102 4165 5148 985 954 760 508 702 821 780 2416 2602 2380 2200 1344
-9999 -9999 -9999 -9999 -9999 -9999 -9999 -9999 -9999 -9999 -9999 423 217 425 685 924 1232 1160 464 1326 1308 1158 1905 2264 1029 882 727 847 720 696 444 787 782 1038 2108 742 1947 755 1724 1471 1593 1558 1582 1625 1625 1331 2127 2701 2064 2462 2780 1510 1524 1555 1662 1511 2302 2391 2159 1877 1870 1866 2104 4722 4641 4178 2236 4205 5514 4365 4440 4188 4691 3623 4637 4637 4470 4563 3484 978 923 892 776 728 741 743 2646 2483 2411 2046
-9999 -9999 -9999 -9999 -9999 -9999 -9999 -9999 -9999 -9999 498 584 596 297 254 790 418 369 264 1061 1055 1229 1125 1053 -9999 -9999 1075 1095 1091 633 456 822 826 1085 848 774 783 804 784 1605 1630 1501 1587 1594 1623 1507 2216 2373 2424 2294 2963 1287 1558 1554 1519 991 1592 2192 2060 1836 2110 4575 4701 4707 4631 4626 4263 4415 4801 4640 4667 4619 2341 3572 4640 4414 4518 3792 3860 3654 3531 574 590 746 738 550 2502 2424 2410 2441
-9999 -9999 -9999 -9999 -9999 -9999 -9999 -9999 -9999 -9999 525 597 598 578 -9999 450 235 221 230 543 1031 1306 1298 1027 -9999 -9999 1072 1061 980 -9999 820 1097 1103 995 767 780 781 748 755 1597 1599 1273 1577 1596 1478 2166 2307 2709 481 1713 2273 1253 1570 1549 1516 1394 1596 1684 1466 1832 4011 4654 4740 4403 3788 5130 4394 4413 3087 3982 4614 3666 4045 4642 4500 3700 4222 3706 3844 3515 620 484 490 549 566 668 2414 2410 2410 1811
-9999 -9999 -9999 -9999 -9999 -9999 -9999 -9999 -9999 -9999 539 581 588 -9999 -9999 -9999 550 262 223 492 963 1312 1299 -9999 -9999 764 -9999 -9999 1014 -9999 793 1074 1017 790 789 781 782 692 747 1760 1585 1589 1602 1590 1590 2526 2725 2682 510 495 2569 1468 1556 1559 1404 1195 1282 1706 1974 2184 2257 4504 3897 4091 3991 4072 4415 3904 1594 1478 1990 4243 3000 3702 3781 3663 2690 3886 3525 707 533 500 511 548 774 814 815 1656 1726 1802
-9999 -9999 -9999 -9999 -9999 -9999 -9999 -9999 -9999 -9999 -9999 579 592 -9999 -9999 -9999 580 584 255 290 1122 1290 1245 -9999 758 -9999 1545 1687 1727 1955 2105 2139 813 800 779 768 -9999 768 738 715 1708 1577 1540 1594 1592 1855 2232 2313 960 186 950 1677 1458 1563 1315 222 3968 3910 4016 2090 2194 1663 1670 1493 4039 3988 3268 3020 2794 2793 2474 1887 2815 3468 3637 3638 2141 2144 1826 1382 1511 407 448 586 340 627 765 1539 1724 1980
-9999 -9999 -9999 -9999 -9999 -9999 -9999 -9999 -9999 -9999 -9999 -9999 603 -9999 -9999 -9999 590 586 595 370 337 875 1184 904 799 1616 1904 1765 1306 2110 2113 2094 822 780 768 -9999 -9999 768 772 749 1803 1627 1544 1588 1569 1600 1611 1560 616 140 614 1816 1340 1576 4001 4037 3817 3780 3876 1444 2932 1507 1511 1433 2485 3634 3054 3706 2452 2484 2816 1284 2293 3648 3640 2708 1492 1313 1342 1292 1255 1139 1326 1597 1693 908 555 749 814 810
-9999 -9999 -9999 -9999 -9999 -9999 -9999 -9999 -9999 -9999 -9999 -9999 430 580 451 405 558 576 -9999 639 862 564 336 819 -9999 -9999 -9999 1986 1439 1741 1578 2101 2051 777 -9999 -9999 -9999 -9999 755 784 1783 1570 -9999 1504 1513 1517 1563 1553 1080 117 1223 1657 1658 2616 3798 3982 3817 3818 3852 2854 934 1481 2438 2428 2803 3975 3992 3871 3658 3721 2816 2056 2010 2724 3633 1102 550 573 -9999 169 138 138 360 1355 1331 1153 1680 812 807 803
-9999 -9999 -9999 -9999 -9999 -9999 -9999 -9999 -9999 -9999 -9999 -9999 -9999 709 438 456 455 412 386 674 889 900 885 543 881 -9999 -9999 -9999 -9999 1638 1937 2070 2068 781 -9999 -9999 724 775 752 670 1168 1558 -9999 -9999 -9999 -9999 1528 1463 1800 128 1460 1656 1117 1116 3544 3986 3987 3777 3986 1634 1796 2165 4240 3805 4050 3859 3841 3993 3808 3768 3996 2050 1951 2258 1478 549 -9999 -9999 -9999 -9999 -9999 -9999 864 1306 797 712 1198 786 797 760
-9999 -9999 -9999 -9999 -9999 -9999 -9999 -9999 -9999 -9999 -9999 -9999 -9999 442 553 756 577 743 708 1128 711 884 914 714 368 862 696 -9999 -9999 1843 1874 2108 2106 1733 1269 1094 1416 1415 1222 1144 1169 1214 -9999 -9999 1221 1113 1454 1553 179 127 1653 1658 1661 1681 3809 3911 2700 2025 1988 1663 1630 1508 3809 3859 4588 3931 4126 3842 3843 3997 3999 2508 2482 1816 1284 969 137 138 137 138 374 1105 1345 1209 647 788 758 1289 588 650
-9999 -9999 -9999 -9999 -9999 -9999 -9999 -9999 -9999 -9999 -9999 -9999 -9999 340 513 642 519 549 648 702 1340 -9999 -9999 842 448 828 651 620 671 2084 2066 1956 1640 1274 1170 1158 1215 1219 1129 1260 1217 1232 -9999 1298 1385 1124 1564 1024 132 116 1644 1127 1127 2432 4033 3875 1480 1358 1377 1454 1374 2245 4055 3664 4074 4587 3818 3845 3842 2801 2016 -9999 2542 -9999 -9999 543 139 139 139 1284 1328 1364 1375 741 815 830 796 657 643 640
-9999 -9999 -9999 -9999 -9999 -9999 -9999 -9999 -9999 -9999 -9999 -9999 -9999 100 186 485 416 624 679 692 1345 1519 1226 1463 1164 717 648 640 -9999 -9999 1608 1609 1310 1271 1109 1062 1198 1249 1209 1259 1238 1257 1299 1407 1234 1767 1614 1758 120 143 780 1435 1369 1884 2643 1382 1410 1356 1442 1460 1440 2896 4015 4073 4586 4053 3857 4124 3780 3924 4124 2746 2428 1955 -9999 -9999 -9999 -9999 -9999 -9999 1085 986 790 814 777 767 773 640 608 -9999
-9999 -9999 -9999 -9999 -9999 -9999 -9999 -9999 -9999 -9999 -9999 -9999 -9999 -9999 349 350 376 514 664 674 1287 1309 1246 1678 1227 671 1613 1563 1298 1501 1606 1607 1294 1007 1145 1129 1228 1222 1176 1202 1256 1224 1161 1744 1716 1767 1766 1375 138 395 1105 468 1086 1357 1440 807 1369 1401 1367 1445 1411 2610 4073 4585 4410 3855 3844 3635 3839 4144 3968 2840 2514 2042 -9999 72 72 -9999 -9999 -9999 482 730 754 766 794 790 794 630 630 610
-9999 -9999 -9999 -9999 -9999 -9999 -9999 -9999 -9999 -9999 -9999 -9999 -9999 -9999 521 28 490 520 643 764 1569 1190 195 715 -9999 -9999 1389 1566 1524 1591 1569 1456 1250 1254 1154 1176 1261 890 998 1215 1256 1249 1770 1775 1161 1769 1768 116 117 818 1106 1106 1109 468 469 717 1184 376 1450 881 1194 1616 3052 3858 3738 3618 3773 3801 4116 3405 3852 2836 2864 2848 947 -9999 73 72 -9999 72 104 -9999 766 707 777 804 757 652 623 642
-9999 -9999 -9999 -9999 -9999 -9999 -9999 -9999 -9999 -9999 -9999 -9999 -9999 -9999 489 502 169 246 643 795 1139 630 -9999 -9999 -9999 -9999 1548 1556 1599 1572 1549 1381 1174 1193 1183 1158 545 1034 923 1137 780 1195 1677 1705 1205 1459 1350 141 361 1237 1045 899 989 892 468 1040 377 947 399 915 983 1456 1261 1760 2702 2266 2418 3709 4090 3935 3936 3940 2839 2456 826 457 72 -9999 -9999 -9999 -9999 737 10 775 851 804 776 767 813 674
